[
    {
    "model": "scenario_generator.simulationparameters",
    "pk": 1,
    "fields": {
        "name":"alm18",
        "headers":"['AK_SV', 'AK_WORLD', 'AK_WORLD_LOC', 'ALTERNATIVA', 'CPI','FASTIGHETER', 'KRED_SV', 'RB_UTL', 'RB_SV_1_RATE', 'RB_SV_5','RB_SV_15', 'SPREAD']",
        "corr":"[[1.0,0.7524792753,0.8224140753,0.302251674,0.0401924677,-0.0320003974,-0.2142584121,-0.1935302065,0.2028056014,0.328010025,0.210991458,-0.0102516566],[0.7524792753,1.0,0.7562530243,0.1962562071,0.0153934465,-0.080851228,-0.0961924144,-0.1601402969,0.0710179098,0.140156314,0.0690935616,-0.0534362102],[0.8224140753,0.7562530243,1.0,0.2989882669,0.0586647139,-0.0224875709,-0.3507431209,-0.25957708,0.3443191469,0.4428763207,0.3256512445,0.0221911949],[0.302251674,0.1962562071,0.2989882669,1.0,-0.1397745186,0.4240142535,0.0920621319,0.3082808021,0.1091296377,-0.0180169466,-0.1543874309,0.0624562396],[0.0401924677,0.0153934465,0.0586647139,-0.1397745186,1.0,-0.2661431007,-0.1012932532,-0.0092923264,0.2498206264,0.0101413812,-0.005056336,0.008508898],[-0.0320003974,-0.080851228,-0.0224875709,0.4240142535,-0.2661431007,1.0,-0.2507927739,-0.1481087181,0.2101667113,0.202165517,0.1851314864,-0.1426850259],[-0.2142584121,-0.0961924144,-0.3507431209,0.0920621319,-0.1012932532,-0.2507927739,1.0,0.6134005799,-0.7424661956,-0.8292775606,-0.6712992948,-0.1105182775],[-0.1935302065,-0.1601402969,-0.25957708,0.3082808021,-0.0092923264,-0.1481087181,0.6134005799,1.0,-0.3081659766,-0.7185853287,-0.8072143791,0.1824633646],[0.2028056014,0.0710179098,0.3443191469,0.1091296377,0.2498206264,0.2101667113,-0.7424661956,-0.3081659766,1.0,0.5699028297,0.3651441592,0.1659921012],[0.328010025,0.140156314,0.4428763207,-0.0180169466,0.0101413812,0.202165517,-0.8292775606,-0.7185853287,0.5699028297,1.0,0.8446180361,-0.0889212391],[0.210991458,0.0690935616,0.3256512445,-0.1543874309,-0.005056336,0.1851314864,-0.6712992948,-0.8072143791,0.3651441592,0.8446180361,1.0,-0.2767793932],[-0.0102516566,-0.0534362102,0.0221911949,0.0624562396,0.008508898,-0.1426850259,-0.1105182775,0.1824633646,0.1659921012,-0.0889212391,-0.2767793932,1.0]]",
        "s0":"[224.48,4041.233665,591.7445716,100.0,278.0,100.4,196.46,329.8108,0.0294,0.03988,0.04892,0.00379]",
        "ar":"[0.0, 0.0, 0.0, 0.0, 0.0, 0.0, 0.0, 0.0, 0.0913454702,0.1223470164,0.2159679735,1.2177537719]",
        "mu":"[0.0942865035,0.0838593127,0.07242036,0.0580072931,0.0118741148,0.086632748,0.0342982433,0.0340473317,-0.0064612477,-0.0030373426,0.0150749055,0.0049599949]",
        "sigma":"[0.1605389858,0.1117554048,0.127642938,0.0291689127,0.014284827,0.0606911683,0.0176588154,0.0299084092, 0.0071254501,0.0071398674,0.0071880278,0.0025669717]",
        "created": "2020-04-11T23:07:11.686Z",
        "updated": "2020-04-11T23:07:11.686Z"
    }
},
{
    "model": "scenario_generator.simulationparameters",
    "pk": 2,
    "fields": {
        "name":"alm19",
        "headers":"['AK_SV', 'AK_WORLD', 'AK_WORLD_LOC', 'ALTERNATIVA', 'CPI','FASTIGHETER', 'KRED_SV', 'RB_UTL', 'RB_SV_1_RATE', 'RB_SV_5','RB_SV_15', 'SPREAD']",
        "corr":"[[1.0,0.7524792753,0.8224140753,0.302251674,0.0401924677,-0.0320003974,-0.2142584121,-0.1935302065,0.2028056014,0.328010025,0.210991458,-0.0102516566],[0.7524792753,1.0,0.7562530243,0.1962562071,0.0153934465,-0.080851228,-0.0961924144,-0.1601402969,0.0710179098,0.140156314,0.0690935616,-0.0534362102],[0.8224140753,0.7562530243,1.0,0.2989882669,0.0586647139,-0.0224875709,-0.3507431209,-0.25957708,0.3443191469,0.4428763207,0.3256512445,0.0221911949],[0.302251674,0.1962562071,0.2989882669,1.0,-0.1397745186,0.4240142535,0.0920621319,0.3082808021,0.1091296377,-0.0180169466,-0.1543874309,0.0624562396],[0.0401924677,0.0153934465,0.0586647139,-0.1397745186,1.0,-0.2661431007,-0.1012932532,-0.0092923264,0.2498206264,0.0101413812,-0.005056336,0.008508898],[-0.0320003974,-0.080851228,-0.0224875709,0.4240142535,-0.2661431007,1.0,-0.2507927739,-0.1481087181,0.2101667113,0.202165517,0.1851314864,-0.1426850259],[-0.2142584121,-0.0961924144,-0.3507431209,0.0920621319,-0.1012932532,-0.2507927739,1.0,0.6134005799,-0.7424661956,-0.8292775606,-0.6712992948,-0.1105182775],[-0.1935302065,-0.1601402969,-0.25957708,0.3082808021,-0.0092923264,-0.1481087181,0.6134005799,1.0,-0.3081659766,-0.7185853287,-0.8072143791,0.1824633646],[0.2028056014,0.0710179098,0.3443191469,0.1091296377,0.2498206264,0.2101667113,-0.7424661956,-0.3081659766,1.0,0.5699028297,0.3651441592,0.1659921012],[0.328010025,0.140156314,0.4428763207,-0.0180169466,0.0101413812,0.202165517,-0.8292775606,-0.7185853287,0.5699028297,1.0,0.8446180361,-0.0889212391],[0.210991458,0.0690935616,0.3256512445,-0.1543874309,-0.005056336,0.1851314864,-0.6712992948,-0.8072143791,0.3651441592,0.8446180361,1.0,-0.2767793932],[-0.0102516566,-0.0534362102,0.0221911949,0.0624562396,0.008508898,-0.1426850259,-0.1105182775,0.1824633646,0.1659921012,-0.0889212391,-0.2767793932,1.0]]",
        "s0":"[224.48,4041.233665,591.7445716,100.0,278.0,100.4,196.46,329.8108,0.0294,0.03988,0.04892,0.00379]",
        "ar":"[0.0, 0.0, 0.0, 0.0, 0.0, 0.0, 0.0, 0.0, 0.0913454702,0.1223470164,0.2159679735,1.2177537719]",
        "mu":"[0.0942865035,0.0838593127,0.07242036,0.0580072931,0.0118741148,0.086632748,0.0342982433,0.0340473317,-0.0064612477,-0.0030373426,0.0150749055,0.0049599949]",
        "sigma":"[0.1605389858,0.1117554048,0.127642938,0.0291689127,0.014284827,0.0606911683,0.0176588154,0.0299084092, 0.0071254501,0.0071398674,0.0071880278,0.0025669717]",
        "created": "2020-04-11T23:07:11.686Z",
        "updated": "2020-04-11T23:07:11.686Z"
    }
}
]
